# oST version 5.0 parameters


[image]

width
768

height
432

[narrow_stereo]

camera matrix
491.087414 0.000000 372.638143
0.000000 490.284296 221.301612
0.000000 0.000000 1.000000

distortion
-0.049922 0.049023 0.002386 -0.004925 0.000000

rectification
1.000000 0.000000 0.000000
0.000000 1.000000 0.000000
0.000000 0.000000 1.000000

projection
487.567424 0.000000 368.287253 0.000000
0.000000 489.205779 222.569560 0.000000
0.000000 0.000000 1.000000 0.000000
